0.00       0.80   10.00      15.00   0.863
0.00       0.80   15.00      20.00   0.956
0.00       0.80   20.00      30.00   0.986
0.00       0.80   30.00      40.00   1.002
0.00       0.80   40.00      50.00   1.005
0.00       0.80   50.00     200.00   1.004
0.80       1.44   10.00      15.00   0.973
0.80       1.44   15.00      20.00   0.962
0.80       1.44   20.00      30.00   0.959
0.80       1.44   30.00      40.00   0.980
0.80       1.44   40.00      50.00   0.988
0.80       1.44   50.00     200.00   0.988
1.44       1.57   10.00      15.00   1.090
1.44       1.57   15.00      20.00   0.867
1.44       1.57   20.00      30.00   0.967
1.44       1.57   30.00      40.00   0.950
1.44       1.57   40.00      50.00   0.958
1.44       1.57   50.00     200.00   0.966
1.57       2.00   10.00      15.00   0.944
1.57       2.00   15.00      20.00   0.911
1.57       2.00   20.00      30.00   0.941
1.57       2.00   30.00      40.00   0.967
1.57       2.00   40.00      50.00   0.992
1.57       2.00   50.00     200.00   1.000
2.00       2.50   10.00      15.00   1.024
2.00       2.50   15.00      20.00   0.934
2.00       2.50   20.00      30.00   1.020
2.00       2.50   30.00      40.00   1.021
2.00       2.50   40.00      50.00   1.019
2.00       2.50   50.00     200.00   1.022
