 -5.4  -5   9  11 0.0639
 -5.4  -5  11   13.5 0.0603
 -5.4  -5   13.5   16.5 0.0577
 -5.4  -5   16.5   19.5 0.0557
 -5.4  -5   19.5   22.5 0.0543
 -5.4  -5   22.5  26 0.0531
 -5.4  -5  26  30  0.052
 -5.4  -5  30   34.5  0.051
 -5.4  -5   34.5  40   0.05
 -5.4  -5  40  46  0.049
 -5.4  -5  46   52.5 0.0482
 -5.4  -5   52.5  60 0.0474
 -5.4  -5  60  69 0.0466
 -5.4  -5  69  79 0.0459
 -5.4  -5  79   90.5 0.0453
 -5.4  -5   90.5  105.5 0.0447
 -5.4  -5  105.5  123.5 0.0441
 -5.4  -5  123.5 143 0.0436
 -5.4  -5 143  163.5 0.0431
 -5.4  -5  163.5 185 0.0428
 -5.4  -5 185 208 0.0425
 -5.4  -5 208  232.5 0.0422
 -5.4  -5  232.5  258.5  0.042
 -5.4  -5  258.5 286 0.0419
 -5.4  -5 286 331 0.0417
 -5.4  -5 331 396 0.0416
 -5.4  -5 396  468.5 0.0414
 -5.4  -5  468.5  549.5 0.0413
 -5.4  -5  549.5 639 0.0413
 -5.4  -5 639 738 0.0414
 -5.4  -5 738  847.5 0.0415
 -5.4  -5  847.5  968.5 0.0416
 -5.4  -5  968.5   1102 0.0417
 -5.4  -5   1102 1249.5 0.0418
 -5.4  -5 1249.5   1412 0.0419
 -5.4  -5   1412 1590.5  0.042
 -5.4  -5 1590.5   1787 0.0421
 -5.4  -5   1787   1945 0.0422
 -5.4  -5   1945   2119 0.0423
 -5.4  -5   2119   2369 0.0424
 -5.4  -5   2369 2643.5 0.0425
 -5.4  -5 2643.5   2945 0.0426
 -5.4  -5   2945 3276.5 0.0427
 -5.4  -5 3276.5 10000 0.0429
 -5   -4.4   9  11 0.0634
 -5   -4.4  11   13.5 0.0599
 -5   -4.4   13.5   16.5 0.0574
 -5   -4.4   16.5   19.5 0.0555
 -5   -4.4   19.5   22.5 0.0541
 -5   -4.4   22.5  26  0.053
 -5   -4.4  26  30 0.0519
 -5   -4.4  30   34.5 0.0509
 -5   -4.4   34.5  40   0.05
 -5   -4.4  40  46  0.049
 -5   -4.4  46   52.5 0.0481
 -5   -4.4   52.5  60 0.0467
 -5   -4.4  60  69  0.044
 -5   -4.4  69  79 0.0418
 -5   -4.4  79   90.5 0.0407
 -5   -4.4   90.5  105.5 0.0401
 -5   -4.4  105.5  123.5 0.0394
 -5   -4.4  123.5 143 0.0388
 -5   -4.4 143  163.5 0.0383
 -5   -4.4  163.5 185 0.0379
 -5   -4.4 185 208 0.0376
 -5   -4.4 208  232.5 0.0373
 -5   -4.4  232.5  258.5 0.0371
 -5   -4.4  258.5 286 0.0369
 -5   -4.4 286 331 0.0367
 -5   -4.4 331 396 0.0365
 -5   -4.4 396  468.5 0.0364
 -5   -4.4  468.5  549.5 0.0362
 -5   -4.4  549.5 639 0.0363
 -5   -4.4 639 738 0.0364
 -5   -4.4 738  847.5 0.0365
 -5   -4.4  847.5  968.5 0.0366
 -5   -4.4  968.5   1102 0.0367
 -5   -4.4   1102 1249.5 0.0368
 -5   -4.4 1249.5   1412 0.0369
 -5   -4.4   1412 1590.5  0.037
 -5   -4.4 1590.5   1787 0.0372
 -5   -4.4   1787   1945 0.0373
 -5   -4.4   1945   2119 0.0374
 -5   -4.4   2119   2369 0.0375
 -5   -4.4   2369 2643.5 0.0376
 -5   -4.4 2643.5   2945 0.0378
 -5   -4.4   2945 3276.5 0.0379
 -5   -4.4 3276.5 10000  0.038
 -4.4  -4   9  11 0.0877
 -4.4  -4  11   13.5 0.0791
 -4.4  -4   13.5   16.5 0.0711
 -4.4  -4   16.5   19.5 0.0644
 -4.4  -4   19.5   22.5 0.0597
 -4.4  -4   22.5  26 0.0564
 -4.4  -4  26  30 0.0536
 -4.4  -4  30   34.5 0.0513
 -4.4  -4   34.5  40 0.0495
 -4.4  -4  40  46  0.048
 -4.4  -4  46   52.5 0.0468
 -4.4  -4   52.5  60 0.0452
 -4.4  -4  60  69 0.0425
 -4.4  -4  69  79 0.0402
 -4.4  -4  79   90.5 0.0387
 -4.4  -4   90.5  105.5 0.0381
 -4.4  -4  105.5  123.5 0.0384
 -4.4  -4  123.5 143 0.0394
 -4.4  -4 143  163.5 0.0391
 -4.4  -4  163.5 185 0.0388
 -4.4  -4 185 208 0.0386
 -4.4  -4 208  232.5 0.0384
 -4.4  -4  232.5  258.5 0.0383
 -4.4  -4  258.5 286 0.0382
 -4.4  -4 286 331 0.0381
 -4.4  -4 331 396  0.038
 -4.4  -4 396  468.5 0.0379
 -4.4  -4  468.5  549.5 0.0378
 -4.4  -4  549.5 639 0.0379
 -4.4  -4 639 738  0.038
 -4.4  -4 738  847.5 0.0381
 -4.4  -4  847.5  968.5 0.0382
 -4.4  -4  968.5   1102 0.0384
 -4.4  -4   1102 1249.5 0.0385
 -4.4  -4 1249.5   1412 0.0386
 -4.4  -4   1412 1590.5 0.0387
 -4.4  -4 1590.5   1787 0.0389
 -4.4  -4   1787   1945  0.039
 -4.4  -4   1945   2119 0.0391
 -4.4  -4   2119   2369 0.0392
 -4.4  -4   2369 2643.5 0.0393
 -4.4  -4 2643.5   2945 0.0394
 -4.4  -4   2945 3276.5 0.0396
 -4.4  -4 3276.5 10000 0.0397
 -4   -3.5   9  11 0.0827
 -4   -3.5  11   13.5 0.0745
 -4   -3.5   13.5   16.5 0.0673
 -4   -3.5   16.5   19.5 0.0614
 -4   -3.5   19.5   22.5 0.0575
 -4   -3.5   22.5  26 0.0547
 -4   -3.5  26  30 0.0524
 -4   -3.5  30   34.5 0.0506
 -4   -3.5   34.5  40 0.0491
 -4   -3.5  40  46 0.0479
 -4   -3.5  46   52.5 0.0469
 -4   -3.5   52.5  60 0.0454
 -4   -3.5  60  69 0.0427
 -4   -3.5  69  79 0.0406
 -4   -3.5  79   90.5 0.0391
 -4   -3.5   90.5  105.5 0.0385
 -4   -3.5  105.5  123.5 0.0387
 -4   -3.5  123.5 143 0.0402
 -4   -3.5 143  163.5 0.0402
 -4   -3.5  163.5 185 0.0399
 -4   -3.5 185 208 0.0397
 -4   -3.5 208  232.5 0.0395
 -4   -3.5  232.5  258.5 0.0393
 -4   -3.5  258.5 286 0.0392
 -4   -3.5 286 331 0.0391
 -4   -3.5 331 396 0.0389
 -4   -3.5 396  468.5 0.0388
 -4   -3.5  468.5  549.5 0.0387
 -4   -3.5  549.5 639 0.0388
 -4   -3.5 639 738 0.0389
 -4   -3.5 738  847.5  0.039
 -4   -3.5  847.5  968.5 0.0391
 -4   -3.5  968.5   1102 0.0392
 -4   -3.5   1102 1249.5 0.0393
 -4   -3.5 1249.5   1412 0.0394
 -4   -3.5   1412 1590.5 0.0395
 -4   -3.5 1590.5   1787 0.0397
 -4   -3.5   1787   1945 0.0398
 -4   -3.5   1945   2119 0.0399
 -4   -3.5   2119   2369   0.04
 -4   -3.5   2369 2643.5 0.0401
 -4   -3.5 2643.5   2945 0.0402
 -4   -3.5   2945 3276.5 0.0403
 -4   -3.5 3276.5 10000 0.0405
 -3.5  -3   9  11 0.0763
 -3.5  -3  11   13.5 0.0662
 -3.5  -3   13.5   16.5 0.0578
 -3.5  -3   16.5   19.5 0.0515
 -3.5  -3   19.5   22.5 0.0478
 -3.5  -3   22.5  26 0.0455
 -3.5  -3  26  30 0.0437
 -3.5  -3  30   34.5 0.0424
 -3.5  -3   34.5  40 0.0413
 -3.5  -3  40  46 0.0403
 -3.5  -3  46   52.5 0.0394
 -3.5  -3   52.5  60 0.0385
 -3.5  -3  60  69 0.0375
 -3.5  -3  69  79 0.0364
 -3.5  -3  79   90.5 0.0353
 -3.5  -3   90.5  105.5 0.0343
 -3.5  -3  105.5  123.5 0.0331
 -3.5  -3  123.5 143  0.032
 -3.5  -3 143  163.5 0.0311
 -3.5  -3  163.5 185 0.0303
 -3.5  -3 185 208 0.0296
 -3.5  -3 208  232.5 0.0291
 -3.5  -3  232.5  258.5 0.0287
 -3.5  -3  258.5 286 0.0282
 -3.5  -3 286 331 0.0279
 -3.5  -3 331 396 0.0274
 -3.5  -3 396  468.5 0.0269
 -3.5  -3  468.5  549.5 0.0266
 -3.5  -3  549.5 639 0.0265
 -3.5  -3 639 738 0.0265
 -3.5  -3 738  847.5 0.0266
 -3.5  -3  847.5  968.5 0.0267
 -3.5  -3  968.5   1102 0.0268
 -3.5  -3   1102 1249.5 0.0269
 -3.5  -3 1249.5   1412  0.027
 -3.5  -3   1412 1590.5 0.0271
 -3.5  -3 1590.5   1787 0.0273
 -3.5  -3   1787   1945 0.0274
 -3.5  -3   1945   2119 0.0275
 -3.5  -3   2119   2369 0.0277
 -3.5  -3   2369 2643.5 0.0278
 -3.5  -3 2643.5   2945  0.028
 -3.5  -3   2945 3276.5 0.0282
 -3.5  -3 3276.5 10000 0.0283
 -3   -2.8   9  11 0.0603
 -3   -2.8  11   13.5 0.0553
 -3   -2.8   13.5   16.5  0.051
 -3   -2.8   16.5   19.5 0.0471
 -3   -2.8   19.5   22.5  0.044
 -3   -2.8   22.5  26 0.0417
 -3   -2.8  26  30 0.0394
 -3   -2.8  30   34.5 0.0375
 -3   -2.8   34.5  40 0.0358
 -3   -2.8  40  46 0.0342
 -3   -2.8  46   52.5 0.0328
 -3   -2.8   52.5  60 0.0316
 -3   -2.8  60  69 0.0304
 -3   -2.8  69  79 0.0293
 -3   -2.8  79   90.5 0.0283
 -3   -2.8   90.5  105.5 0.0274
 -3   -2.8  105.5  123.5 0.0266
 -3   -2.8  123.5 143 0.0259
 -3   -2.8 143  163.5 0.0253
 -3   -2.8  163.5 185 0.0249
 -3   -2.8 185 208 0.0246
 -3   -2.8 208  232.5 0.0244
 -3   -2.8  232.5  258.5 0.0243
 -3   -2.8  258.5 286 0.0242
 -3   -2.8 286 331 0.0242
 -3   -2.8 331 396 0.0241
 -3   -2.8 396  468.5  0.024
 -3   -2.8  468.5  549.5 0.0239
 -3   -2.8  549.5 639  0.024
 -3   -2.8 639 738 0.0242
 -3   -2.8 738  847.5 0.0244
 -3   -2.8  847.5  968.5 0.0246
 -3   -2.8  968.5   1102 0.0248
 -3   -2.8   1102 1249.5 0.0249
 -3   -2.8 1249.5   1412 0.0251
 -3   -2.8   1412 1590.5 0.0253
 -3   -2.8 1590.5   1787 0.0255
 -3   -2.8   1787   1945 0.0257
 -3   -2.8   1945   2119 0.0259
 -3   -2.8   2119   2369  0.026
 -3   -2.8   2369 2643.5 0.0262
 -3   -2.8 2643.5   2945 0.0264
 -3   -2.8   2945 3276.5 0.0266
 -3   -2.8 3276.5 10000 0.0268
 -2.8   -2.6   9  11 0.0613
 -2.8   -2.6  11   13.5  0.055
 -2.8   -2.6   13.5   16.5 0.0498
 -2.8   -2.6   16.5   19.5 0.0455
 -2.8   -2.6   19.5   22.5 0.0424
 -2.8   -2.6   22.5  26 0.0401
 -2.8   -2.6  26  30  0.038
 -2.8   -2.6  30   34.5 0.0361
 -2.8   -2.6   34.5  40 0.0344
 -2.8   -2.6  40  46 0.0328
 -2.8   -2.6  46   52.5 0.0314
 -2.8   -2.6   52.5  60   0.03
 -2.8   -2.6  60  69 0.0282
 -2.8   -2.6  69  79 0.0264
 -2.8   -2.6  79   90.5 0.0248
 -2.8   -2.6   90.5  105.5 0.0232
 -2.8   -2.6  105.5  123.5 0.0216
 -2.8   -2.6  123.5 143 0.0201
 -2.8   -2.6 143  163.5 0.0189
 -2.8   -2.6  163.5 185  0.018
 -2.8   -2.6 185 208 0.0173
 -2.8   -2.6 208  232.5 0.0168
 -2.8   -2.6  232.5  258.5 0.0165
 -2.8   -2.6  258.5 286 0.0164
 -2.8   -2.6 286 331 0.0163
 -2.8   -2.6 331 396 0.0165
 -2.8   -2.6 396  468.5 0.0171
 -2.8   -2.6  468.5  549.5 0.0174
 -2.8   -2.6  549.5 639 0.0176
 -2.8   -2.6 639 738 0.0178
 -2.8   -2.6 738  847.5  0.018
 -2.8   -2.6  847.5  968.5 0.0182
 -2.8   -2.6  968.5   1102 0.0185
 -2.8   -2.6   1102 1249.5 0.0187
 -2.8   -2.6 1249.5   1412  0.019
 -2.8   -2.6   1412 1590.5 0.0192
 -2.8   -2.6 1590.5   1787 0.0194
 -2.8   -2.6   1787   1945 0.0197
 -2.8   -2.6   1945   2119 0.0199
 -2.8   -2.6   2119   2369 0.0201
 -2.8   -2.6   2369 2643.5 0.0203
 -2.8   -2.6 2643.5   2945 0.0206
 -2.8   -2.6   2945 3276.5 0.0208
 -2.8   -2.6 3276.5 10000  0.021
 -2.6   -2.4   9  11 0.1645
 -2.6   -2.4  11   13.5 0.1378
 -2.6   -2.4   13.5   16.5 0.1116
 -2.6   -2.4   16.5   19.5 0.0891
 -2.6   -2.4   19.5   22.5 0.0736
 -2.6   -2.4   22.5  26 0.0624
 -2.6   -2.4  26  30 0.0533
 -2.6   -2.4  30   34.5 0.0461
 -2.6   -2.4   34.5  40 0.0406
 -2.6   -2.4  40  46 0.0363
 -2.6   -2.4  46   52.5 0.0334
 -2.6   -2.4   52.5  60 0.0311
 -2.6   -2.4  60  69 0.0287
 -2.6   -2.4  69  79 0.0267
 -2.6   -2.4  79   90.5  0.025
 -2.6   -2.4   90.5  105.5 0.0235
 -2.6   -2.4  105.5  123.5  0.022
 -2.6   -2.4  123.5 143 0.0206
 -2.6   -2.4 143  163.5 0.0195
 -2.6   -2.4  163.5 185 0.0186
 -2.6   -2.4 185 208 0.0179
 -2.6   -2.4 208  232.5 0.0174
 -2.6   -2.4  232.5  258.5  0.017
 -2.6   -2.4  258.5 286 0.0168
 -2.6   -2.4 286 331 0.0167
 -2.6   -2.4 331 396 0.0168
 -2.6   -2.4 396  468.5 0.0173
 -2.6   -2.4  468.5  549.5 0.0177
 -2.6   -2.4  549.5 639 0.0183
 -2.6   -2.4 639 738 0.0186
 -2.6   -2.4 738  847.5 0.0187
 -2.6   -2.4  847.5  968.5 0.0189
 -2.6   -2.4  968.5   1102 0.0191
 -2.6   -2.4   1102 1249.5 0.0193
 -2.6   -2.4 1249.5   1412 0.0195
 -2.6   -2.4   1412 1590.5 0.0197
 -2.6   -2.4 1590.5   1787 0.0199
 -2.6   -2.4   1787   1945 0.0201
 -2.6   -2.4   1945   2119 0.0203
 -2.6   -2.4   2119   2369 0.0205
 -2.6   -2.4   2369 2643.5 0.0207
 -2.6   -2.4 2643.5   2945 0.0209
 -2.6   -2.4   2945 3276.5 0.0212
 -2.6   -2.4 3276.5 10000 0.0214
 -2.4   -2.2   9  11 0.2192
 -2.4   -2.2  11   13.5 0.1791
 -2.4   -2.2   13.5   16.5 0.1415
 -2.4   -2.2   16.5   19.5 0.1104
 -2.4   -2.2   19.5   22.5 0.0889
 -2.4   -2.2   22.5  26 0.0734
 -2.4   -2.2  26  30 0.0604
 -2.4   -2.2  30   34.5 0.0499
 -2.4   -2.2   34.5  40 0.0418
 -2.4   -2.2  40  46 0.0352
 -2.4   -2.2  46   52.5 0.0305
 -2.4   -2.2   52.5  60 0.0271
 -2.4   -2.2  60  69 0.0244
 -2.4   -2.2  69  79 0.0222
 -2.4   -2.2  79   90.5 0.0205
 -2.4   -2.2   90.5  105.5 0.0192
 -2.4   -2.2  105.5  123.5  0.018
 -2.4   -2.2  123.5 143  0.017
 -2.4   -2.2 143  163.5 0.0162
 -2.4   -2.2  163.5 185 0.0155
 -2.4   -2.2 185 208 0.0149
 -2.4   -2.2 208  232.5 0.0144
 -2.4   -2.2  232.5  258.5 0.0139
 -2.4   -2.2  258.5 286 0.0136
 -2.4   -2.2 286 331 0.0133
 -2.4   -2.2 331 396 0.0129
 -2.4   -2.2 396  468.5 0.0126
 -2.4   -2.2  468.5  549.5 0.0126
 -2.4   -2.2  549.5 639  0.013
 -2.4   -2.2 639 738 0.0134
 -2.4   -2.2 738  847.5 0.0136
 -2.4   -2.2  847.5  968.5 0.0139
 -2.4   -2.2  968.5   1102 0.0141
 -2.4   -2.2   1102 1249.5 0.0144
 -2.4   -2.2 1249.5   1412 0.0147
 -2.4   -2.2   1412 1590.5  0.015
 -2.4   -2.2 1590.5   1787 0.0153
 -2.4   -2.2   1787   1945 0.0156
 -2.4   -2.2   1945   2119 0.0158
 -2.4   -2.2   2119   2369  0.016
 -2.4   -2.2   2369 2643.5 0.0163
 -2.4   -2.2 2643.5   2945 0.0166
 -2.4   -2.2   2945 3276.5 0.0169
 -2.4   -2.2 3276.5 10000 0.0172
 -2.2  -2   9  11 0.2103
 -2.2  -2  11   13.5 0.1714
 -2.2  -2   13.5   16.5 0.1359
 -2.2  -2   16.5   19.5 0.1068
 -2.2  -2   19.5   22.5 0.0866
 -2.2  -2   22.5  26  0.072
 -2.2  -2  26  30 0.0597
 -2.2  -2  30   34.5 0.0496
 -2.2  -2   34.5  40 0.0417
 -2.2  -2  40  46 0.0352
 -2.2  -2  46   52.5 0.0305
 -2.2  -2   52.5  60  0.027
 -2.2  -2  60  69 0.0242
 -2.2  -2  69  79  0.022
 -2.2  -2  79   90.5 0.0202
 -2.2  -2   90.5  105.5 0.0189
 -2.2  -2  105.5  123.5 0.0176
 -2.2  -2  123.5 143 0.0165
 -2.2  -2 143  163.5 0.0156
 -2.2  -2  163.5 185 0.0149
 -2.2  -2 185 208 0.0143
 -2.2  -2 208  232.5 0.0138
 -2.2  -2  232.5  258.5 0.0133
 -2.2  -2  258.5 286  0.013
 -2.2  -2 286 331 0.0127
 -2.2  -2 331 396 0.0123
 -2.2  -2 396  468.5 0.0121
 -2.2  -2  468.5  549.5  0.012
 -2.2  -2  549.5 639 0.0124
 -2.2  -2 639 738  0.013
 -2.2  -2 738  847.5 0.0136
 -2.2  -2  847.5  968.5  0.014
 -2.2  -2  968.5   1102 0.0143
 -2.2  -2   1102 1249.5 0.0146
 -2.2  -2 1249.5   1412 0.0149
 -2.2  -2   1412 1590.5 0.0152
 -2.2  -2 1590.5   1787 0.0155
 -2.2  -2   1787   1945 0.0158
 -2.2  -2   1945   2119  0.016
 -2.2  -2   2119   2369 0.0162
 -2.2  -2   2369 2643.5 0.0165
 -2.2  -2 2643.5   2945 0.0168
 -2.2  -2   2945 3276.5 0.0171
 -2.2  -2 3276.5 10000 0.0174
 -2   -1.8   9  11 0.1576
 -2   -1.8  11   13.5 0.1313
 -2   -1.8   13.5   16.5 0.1074
 -2   -1.8   16.5   19.5 0.0874
 -2   -1.8   19.5   22.5 0.0733
 -2   -1.8   22.5  26 0.0629
 -2   -1.8  26  30 0.0538
 -2   -1.8  30   34.5 0.0462
 -2   -1.8   34.5  40 0.0399
 -2   -1.8  40  46 0.0344
 -2   -1.8  46   52.5 0.0302
 -2   -1.8   52.5  60 0.0269
 -2   -1.8  60  69 0.0241
 -2   -1.8  69  79 0.0218
 -2   -1.8  79   90.5 0.0199
 -2   -1.8   90.5  105.5 0.0183
 -2   -1.8  105.5  123.5 0.0168
 -2   -1.8  123.5 143 0.0155
 -2   -1.8 143  163.5 0.0145
 -2   -1.8  163.5 185 0.0137
 -2   -1.8 185 208  0.013
 -2   -1.8 208  232.5 0.0125
 -2   -1.8  232.5  258.5  0.012
 -2   -1.8  258.5 286 0.0116
 -2   -1.8 286 331 0.0113
 -2   -1.8 331 396  0.011
 -2   -1.8 396  468.5 0.0106
 -2   -1.8  468.5  549.5 0.0105
 -2   -1.8  549.5 639 0.0109
 -2   -1.8 639 738 0.0113
 -2   -1.8 738  847.5 0.0118
 -2   -1.8  847.5  968.5 0.0122
 -2   -1.8  968.5   1102 0.0126
 -2   -1.8   1102 1249.5  0.013
 -2   -1.8 1249.5   1412 0.0133
 -2   -1.8   1412 1590.5 0.0137
 -2   -1.8 1590.5   1787  0.014
 -2   -1.8   1787   1945 0.0144
 -2   -1.8   1945   2119 0.0146
 -2   -1.8   2119   2369 0.0149
 -2   -1.8   2369 2643.5 0.0152
 -2   -1.8 2643.5   2945 0.0155
 -2   -1.8   2945 3276.5 0.0159
 -2   -1.8 3276.5 10000 0.0162
 -1.8   -1.6   9  11 0.1211
 -1.8   -1.6  11   13.5 0.1035
 -1.8   -1.6   13.5   16.5 0.0874
 -1.8   -1.6   16.5   19.5 0.0736
 -1.8   -1.6   19.5   22.5 0.0636
 -1.8   -1.6   22.5  26  0.056
 -1.8   -1.6  26  30 0.0493
 -1.8   -1.6  30   34.5 0.0435
 -1.8   -1.6   34.5  40 0.0386
 -1.8   -1.6  40  46 0.0342
 -1.8   -1.6  46   52.5 0.0306
 -1.8   -1.6   52.5  60 0.0277
 -1.8   -1.6  60  69 0.0252
 -1.8   -1.6  69  79 0.0228
 -1.8   -1.6  79   90.5 0.0209
 -1.8   -1.6   90.5  105.5 0.0192
 -1.8   -1.6  105.5  123.5 0.0176
 -1.8   -1.6  123.5 143 0.0161
 -1.8   -1.6 143  163.5 0.0149
 -1.8   -1.6  163.5 185  0.014
 -1.8   -1.6 185 208 0.0133
 -1.8   -1.6 208  232.5 0.0126
 -1.8   -1.6  232.5  258.5 0.0121
 -1.8   -1.6  258.5 286 0.0117
 -1.8   -1.6 286 331 0.0113
 -1.8   -1.6 331 396 0.0109
 -1.8   -1.6 396  468.5 0.0106
 -1.8   -1.6  468.5  549.5 0.0104
 -1.8   -1.6  549.5 639 0.0109
 -1.8   -1.6 639 738 0.0114
 -1.8   -1.6 738  847.5 0.0119
 -1.8   -1.6  847.5  968.5 0.0124
 -1.8   -1.6  968.5   1102  0.013
 -1.8   -1.6   1102 1249.5 0.0135
 -1.8   -1.6 1249.5   1412 0.0138
 -1.8   -1.6   1412 1590.5 0.0142
 -1.8   -1.6 1590.5   1787 0.0145
 -1.8   -1.6   1787   1945 0.0149
 -1.8   -1.6   1945   2119 0.0151
 -1.8   -1.6   2119   2369 0.0154
 -1.8   -1.6   2369 2643.5 0.0157
 -1.8   -1.6 2643.5   2945  0.016
 -1.8   -1.6   2945 3276.5 0.0163
 -1.8   -1.6 3276.5 10000 0.0166
 -1.6   -1.4   9  11 0.1087
 -1.6   -1.4  11   13.5 0.0927
 -1.6   -1.4   13.5   16.5 0.0782
 -1.6   -1.4   16.5   19.5 0.0658
 -1.6   -1.4   19.5   22.5 0.0568
 -1.6   -1.4   22.5  26   0.05
 -1.6   -1.4  26  30 0.0441
 -1.6   -1.4  30   34.5  0.039
 -1.6   -1.4   34.5  40 0.0347
 -1.6   -1.4  40  46 0.0308
 -1.6   -1.4  46   52.5 0.0277
 -1.6   -1.4   52.5  60 0.0253
 -1.6   -1.4  60  69 0.0231
 -1.6   -1.4  69  79 0.0211
 -1.6   -1.4  79   90.5 0.0195
 -1.6   -1.4   90.5  105.5 0.0181
 -1.6   -1.4  105.5  123.5 0.0167
 -1.6   -1.4  123.5 143 0.0154
 -1.6   -1.4 143  163.5 0.0144
 -1.6   -1.4  163.5 185 0.0136
 -1.6   -1.4 185 208  0.013
 -1.6   -1.4 208  232.5 0.0124
 -1.6   -1.4  232.5  258.5  0.012
 -1.6   -1.4  258.5 286 0.0116
 -1.6   -1.4 286 331 0.0112
 -1.6   -1.4 331 396 0.0109
 -1.6   -1.4 396  468.5 0.0105
 -1.6   -1.4  468.5  549.5 0.0103
 -1.6   -1.4  549.5 639 0.0107
 -1.6   -1.4 639 738 0.0111
 -1.6   -1.4 738  847.5 0.0116
 -1.6   -1.4  847.5  968.5  0.012
 -1.6   -1.4  968.5   1102 0.0124
 -1.6   -1.4   1102 1249.5 0.0128
 -1.6   -1.4 1249.5   1412 0.0132
 -1.6   -1.4   1412 1590.5 0.0136
 -1.6   -1.4 1590.5   1787 0.0139
 -1.6   -1.4   1787   1945 0.0143
 -1.6   -1.4   1945   2119 0.0145
 -1.6   -1.4   2119   2369 0.0148
 -1.6   -1.4   2369 2643.5 0.0151
 -1.6   -1.4 2643.5   2945 0.0155
 -1.6   -1.4   2945 3276.5 0.0158
 -1.6   -1.4 3276.5 10000 0.0161
 -1.4   -1.2   9  11 0.1058
 -1.4   -1.2  11   13.5 0.0871
 -1.4   -1.2   13.5   16.5 0.0706
 -1.4   -1.2   16.5   19.5 0.0572
 -1.4   -1.2   19.5   22.5  0.048
 -1.4   -1.2   22.5  26 0.0415
 -1.4   -1.2  26  30 0.0361
 -1.4   -1.2  30   34.5 0.0318
 -1.4   -1.2   34.5  40 0.0285
 -1.4   -1.2  40  46 0.0257
 -1.4   -1.2  46   52.5 0.0237
 -1.4   -1.2   52.5  60 0.0221
 -1.4   -1.2  60  69 0.0208
 -1.4   -1.2  69  79 0.0196
 -1.4   -1.2  79   90.5 0.0186
 -1.4   -1.2   90.5  105.5 0.0177
 -1.4   -1.2  105.5  123.5 0.0167
 -1.4   -1.2  123.5 143 0.0158
 -1.4   -1.2 143  163.5 0.0149
 -1.4   -1.2  163.5 185 0.0142
 -1.4   -1.2 185 208 0.0136
 -1.4   -1.2 208  232.5  0.013
 -1.4   -1.2  232.5  258.5 0.0125
 -1.4   -1.2  258.5 286 0.0121
 -1.4   -1.2 286 331 0.0117
 -1.4   -1.2 331 396 0.0112
 -1.4   -1.2 396  468.5 0.0107
 -1.4   -1.2  468.5  549.5 0.0103
 -1.4   -1.2  549.5 639 0.0106
 -1.4   -1.2 639 738 0.0109
 -1.4   -1.2 738  847.5 0.0112
 -1.4   -1.2  847.5  968.5 0.0116
 -1.4   -1.2  968.5   1102 0.0119
 -1.4   -1.2   1102 1249.5 0.0123
 -1.4   -1.2 1249.5   1412 0.0126
 -1.4   -1.2   1412 1590.5  0.013
 -1.4   -1.2 1590.5   1787 0.0133
 -1.4   -1.2   1787   1945 0.0137
 -1.4   -1.2   1945   2119 0.0139
 -1.4   -1.2   2119   2369 0.0142
 -1.4   -1.2   2369 2643.5 0.0145
 -1.4   -1.2 2643.5   2945 0.0149
 -1.4   -1.2   2945 3276.5 0.0152
 -1.4   -1.2 3276.5 10000 0.0155
 -1.2  -1   9  11 0.1051
 -1.2  -1  11   13.5  0.087
 -1.2  -1   13.5   16.5  0.071
 -1.2  -1   16.5   19.5 0.0578
 -1.2  -1   19.5   22.5 0.0488
 -1.2  -1   22.5  26 0.0424
 -1.2  -1  26  30  0.037
 -1.2  -1  30   34.5 0.0327
 -1.2  -1   34.5  40 0.0293
 -1.2  -1  40  46 0.0264
 -1.2  -1  46   52.5 0.0243
 -1.2  -1   52.5  60 0.0226
 -1.2  -1  60  69 0.0212
 -1.2  -1  69  79 0.0199
 -1.2  -1  79   90.5 0.0187
 -1.2  -1   90.5  105.5 0.0177
 -1.2  -1  105.5  123.5 0.0167
 -1.2  -1  123.5 143 0.0157
 -1.2  -1 143  163.5 0.0148
 -1.2  -1  163.5 185  0.014
 -1.2  -1 185 208 0.0134
 -1.2  -1 208  232.5 0.0128
 -1.2  -1  232.5  258.5 0.0123
 -1.2  -1  258.5 286 0.0119
 -1.2  -1 286 331 0.0115
 -1.2  -1 331 396  0.011
 -1.2  -1 396  468.5 0.0105
 -1.2  -1  468.5  549.5 0.0102
 -1.2  -1  549.5 639 0.0105
 -1.2  -1 639 738 0.0109
 -1.2  -1 738  847.5 0.0112
 -1.2  -1  847.5  968.5 0.0116
 -1.2  -1  968.5   1102  0.012
 -1.2  -1   1102 1249.5 0.0125
 -1.2  -1 1249.5   1412 0.0129
 -1.2  -1   1412 1590.5 0.0133
 -1.2  -1 1590.5   1787 0.0136
 -1.2  -1   1787   1945  0.014
 -1.2  -1   1945   2119 0.0142
 -1.2  -1   2119   2369 0.0145
 -1.2  -1   2369 2643.5 0.0148
 -1.2  -1 2643.5   2945 0.0152
 -1.2  -1   2945 3276.5 0.0155
 -1.2  -1 3276.5 10000 0.0158
 -1   -0.8   9  11 0.0985
 -1   -0.8  11   13.5  0.083
 -1   -0.8   13.5   16.5 0.0691
 -1   -0.8   16.5   19.5 0.0576
 -1   -0.8   19.5   22.5 0.0495
 -1   -0.8   22.5  26 0.0436
 -1   -0.8  26  30 0.0386
 -1   -0.8  30   34.5 0.0345
 -1   -0.8   34.5  40 0.0311
 -1   -0.8  40  46 0.0282
 -1   -0.8  46   52.5 0.0259
 -1   -0.8   52.5  60 0.0241
 -1   -0.8  60  69 0.0223
 -1   -0.8  69  79 0.0207
 -1   -0.8  79   90.5 0.0193
 -1   -0.8   90.5  105.5 0.0181
 -1   -0.8  105.5  123.5 0.0168
 -1   -0.8  123.5 143 0.0156
 -1   -0.8 143  163.5 0.0146
 -1   -0.8  163.5 185 0.0137
 -1   -0.8 185 208  0.013
 -1   -0.8 208  232.5 0.0124
 -1   -0.8  232.5  258.5 0.0118
 -1   -0.8  258.5 286 0.0114
 -1   -0.8 286 331  0.011
 -1   -0.8 331 396 0.0105
 -1   -0.8 396  468.5 0.0101
 -1   -0.8  468.5  549.5 0.0098
 -1   -0.8  549.5 639 0.0102
 -1   -0.8 639 738 0.0107
 -1   -0.8 738  847.5 0.0112
 -1   -0.8  847.5  968.5 0.0118
 -1   -0.8  968.5   1102 0.0123
 -1   -0.8   1102 1249.5 0.0128
 -1   -0.8 1249.5   1412 0.0134
 -1   -0.8   1412 1590.5 0.0139
 -1   -0.8 1590.5   1787 0.0143
 -1   -0.8   1787   1945 0.0146
 -1   -0.8   1945   2119 0.0149
 -1   -0.8   2119   2369 0.0151
 -1   -0.8   2369 2643.5 0.0155
 -1   -0.8 2643.5   2945 0.0158
 -1   -0.8   2945 3276.5 0.0161
 -1   -0.8 3276.5 10000 0.0164
 -0.8   -0.6   9  11 0.0952
 -0.8   -0.6  11   13.5  0.081
 -0.8   -0.6   13.5   16.5 0.0681
 -0.8   -0.6   16.5   19.5 0.0573
 -0.8   -0.6   19.5   22.5 0.0498
 -0.8   -0.6   22.5  26 0.0443
 -0.8   -0.6  26  30 0.0395
 -0.8   -0.6  30   34.5 0.0355
 -0.8   -0.6   34.5  40 0.0322
 -0.8   -0.6  40  46 0.0293
 -0.8   -0.6  46   52.5  0.027
 -0.8   -0.6   52.5  60 0.0251
 -0.8   -0.6  60  69 0.0232
 -0.8   -0.6  69  79 0.0215
 -0.8   -0.6  79   90.5   0.02
 -0.8   -0.6   90.5  105.5 0.0186
 -0.8   -0.6  105.5  123.5 0.0172
 -0.8   -0.6  123.5 143 0.0159
 -0.8   -0.6 143  163.5 0.0148
 -0.8   -0.6  163.5 185 0.0138
 -0.8   -0.6 185 208  0.013
 -0.8   -0.6 208  232.5 0.0124
 -0.8   -0.6  232.5  258.5 0.0118
 -0.8   -0.6  258.5 286 0.0113
 -0.8   -0.6 286 331 0.0109
 -0.8   -0.6 331 396 0.0104
 -0.8   -0.6 396  468.5 0.0099
 -0.8   -0.6  468.5  549.5 0.0097
 -0.8   -0.6  549.5 639 0.0101
 -0.8   -0.6 639 738 0.0107
 -0.8   -0.6 738  847.5 0.0112
 -0.8   -0.6  847.5  968.5 0.0118
 -0.8   -0.6  968.5   1102 0.0124
 -0.8   -0.6   1102 1249.5  0.013
 -0.8   -0.6 1249.5   1412 0.0136
 -0.8   -0.6   1412 1590.5 0.0142
 -0.8   -0.6 1590.5   1787 0.0146
 -0.8   -0.6   1787   1945 0.0149
 -0.8   -0.6   1945   2119 0.0152
 -0.8   -0.6   2119   2369 0.0154
 -0.8   -0.6   2369 2643.5 0.0157
 -0.8   -0.6 2643.5   2945  0.016
 -0.8   -0.6   2945 3276.5 0.0164
 -0.8   -0.6 3276.5 10000 0.0167
 -0.6   -0.4   9  11 0.0923
 -0.6   -0.4  11   13.5 0.0783
 -0.6   -0.4   13.5   16.5 0.0657
 -0.6   -0.4   16.5   19.5 0.0552
 -0.6   -0.4   19.5   22.5 0.0479
 -0.6   -0.4   22.5  26 0.0425
 -0.6   -0.4  26  30 0.0379
 -0.6   -0.4  30   34.5  0.034
 -0.6   -0.4   34.5  40 0.0308
 -0.6   -0.4  40  46 0.0279
 -0.6   -0.4  46   52.5 0.0256
 -0.6   -0.4   52.5  60 0.0238
 -0.6   -0.4  60  69  0.022
 -0.6   -0.4  69  79 0.0204
 -0.6   -0.4  79   90.5  0.019
 -0.6   -0.4   90.5  105.5 0.0178
 -0.6   -0.4  105.5  123.5 0.0165
 -0.6   -0.4  123.5 143 0.0153
 -0.6   -0.4 143  163.5 0.0143
 -0.6   -0.4  163.5 185 0.0135
 -0.6   -0.4 185 208 0.0128
 -0.6   -0.4 208  232.5 0.0122
 -0.6   -0.4  232.5  258.5 0.0116
 -0.6   -0.4  258.5 286 0.0112
 -0.6   -0.4 286 331 0.0108
 -0.6   -0.4 331 396 0.0104
 -0.6   -0.4 396  468.5 0.0099
 -0.6   -0.4  468.5  549.5 0.0097
 -0.6   -0.4  549.5 639 0.0101
 -0.6   -0.4 639 738 0.0105
 -0.6   -0.4 738  847.5  0.011
 -0.6   -0.4  847.5  968.5 0.0115
 -0.6   -0.4  968.5   1102  0.012
 -0.6   -0.4   1102 1249.5 0.0125
 -0.6   -0.4 1249.5   1412 0.0129
 -0.6   -0.4   1412 1590.5 0.0134
 -0.6   -0.4 1590.5   1787 0.0138
 -0.6   -0.4   1787   1945 0.0142
 -0.6   -0.4   1945   2119 0.0144
 -0.6   -0.4   2119   2369 0.0147
 -0.6   -0.4   2369 2643.5  0.015
 -0.6   -0.4 2643.5   2945 0.0153
 -0.6   -0.4   2945 3276.5 0.0157
 -0.6   -0.4 3276.5 10000  0.016
 -0.4   -0.2   9  11 0.0941
 -0.4   -0.2  11   13.5 0.0797
 -0.4   -0.2   13.5   16.5 0.0667
 -0.4   -0.2   16.5   19.5  0.056
 -0.4   -0.2   19.5   22.5 0.0485
 -0.4   -0.2   22.5  26 0.0431
 -0.4   -0.2  26  30 0.0384
 -0.4   -0.2  30   34.5 0.0345
 -0.4   -0.2   34.5  40 0.0313
 -0.4   -0.2  40  46 0.0285
 -0.4   -0.2  46   52.5 0.0263
 -0.4   -0.2   52.5  60 0.0245
 -0.4   -0.2  60  69 0.0227
 -0.4   -0.2  69  79  0.021
 -0.4   -0.2  79   90.5 0.0196
 -0.4   -0.2   90.5  105.5 0.0183
 -0.4   -0.2  105.5  123.5  0.017
 -0.4   -0.2  123.5 143 0.0157
 -0.4   -0.2 143  163.5 0.0147
 -0.4   -0.2  163.5 185 0.0138
 -0.4   -0.2 185 208  0.013
 -0.4   -0.2 208  232.5 0.0124
 -0.4   -0.2  232.5  258.5 0.0118
 -0.4   -0.2  258.5 286 0.0113
 -0.4   -0.2 286 331 0.0109
 -0.4   -0.2 331 396 0.0104
 -0.4   -0.2 396  468.5   0.01
 -0.4   -0.2  468.5  549.5 0.0097
 -0.4   -0.2  549.5 639 0.0101
 -0.4   -0.2 639 738 0.0106
 -0.4   -0.2 738  847.5 0.0112
 -0.4   -0.2  847.5  968.5 0.0117
 -0.4   -0.2  968.5   1102 0.0122
 -0.4   -0.2   1102 1249.5 0.0128
 -0.4   -0.2 1249.5   1412 0.0133
 -0.4   -0.2   1412 1590.5 0.0139
 -0.4   -0.2 1590.5   1787 0.0143
 -0.4   -0.2   1787   1945 0.0146
 -0.4   -0.2   1945   2119 0.0149
 -0.4   -0.2   2119   2369 0.0151
 -0.4   -0.2   2369 2643.5 0.0154
 -0.4   -0.2 2643.5   2945 0.0158
 -0.4   -0.2   2945 3276.5 0.0161
 -0.4   -0.2 3276.5 10000 0.0164
 -0.2   0   9  11 0.0901
 -0.2   0  11   13.5 0.0761
 -0.2   0   13.5   16.5 0.0635
 -0.2   0   16.5   19.5 0.0532
 -0.2   0   19.5   22.5  0.046
 -0.2   0   22.5  26 0.0408
 -0.2   0  26  30 0.0363
 -0.2   0  30   34.5 0.0326
 -0.2   0   34.5  40 0.0295
 -0.2   0  40  46 0.0268
 -0.2   0  46   52.5 0.0246
 -0.2   0   52.5  60 0.0228
 -0.2   0  60  69 0.0212
 -0.2   0  69  79 0.0197
 -0.2   0  79   90.5 0.0184
 -0.2   0   90.5  105.5 0.0172
 -0.2   0  105.5  123.5 0.0161
 -0.2   0  123.5 143  0.015
 -0.2   0 143  163.5 0.0141
 -0.2   0  163.5 185 0.0133
 -0.2   0 185 208 0.0126
 -0.2   0 208  232.5 0.0121
 -0.2   0  232.5  258.5 0.0116
 -0.2   0  258.5 286 0.0112
 -0.2   0 286 331 0.0108
 -0.2   0 331 396 0.0104
 -0.2   0 396  468.5   0.01
 -0.2   0  468.5  549.5 0.0098
 -0.2   0  549.5 639 0.0101
 -0.2   0 639 738 0.0105
 -0.2   0 738  847.5 0.0109
 -0.2   0  847.5  968.5 0.0114
 -0.2   0  968.5   1102 0.0118
 -0.2   0   1102 1249.5 0.0122
 -0.2   0 1249.5   1412 0.0126
 -0.2   0   1412 1590.5  0.013
 -0.2   0 1590.5   1787 0.0134
 -0.2   0   1787   1945 0.0138
 -0.2   0   1945   2119  0.014
 -0.2   0   2119   2369 0.0143
 -0.2   0   2369 2643.5 0.0146
 -0.2   0 2643.5   2945  0.015
 -0.2   0   2945 3276.5 0.0153
 -0.2   0 3276.5 10000 0.0156
 0 0.2   9  11 0.0901
 0 0.2  11   13.5 0.0761
 0 0.2   13.5   16.5 0.0635
 0 0.2   16.5   19.5 0.0532
 0 0.2   19.5   22.5  0.046
 0 0.2   22.5  26 0.0408
 0 0.2  26  30 0.0363
 0 0.2  30   34.5 0.0326
 0 0.2   34.5  40 0.0295
 0 0.2  40  46 0.0268
 0 0.2  46   52.5 0.0246
 0 0.2   52.5  60 0.0228
 0 0.2  60  69 0.0212
 0 0.2  69  79 0.0197
 0 0.2  79   90.5 0.0184
 0 0.2   90.5  105.5 0.0172
 0 0.2  105.5  123.5 0.0161
 0 0.2  123.5 143  0.015
 0 0.2 143  163.5 0.0141
 0 0.2  163.5 185 0.0133
 0 0.2 185 208 0.0126
 0 0.2 208  232.5 0.0121
 0 0.2  232.5  258.5 0.0116
 0 0.2  258.5 286 0.0112
 0 0.2 286 331 0.0108
 0 0.2 331 396 0.0104
 0 0.2 396  468.5   0.01
 0 0.2  468.5  549.5 0.0098
 0 0.2  549.5 639 0.0101
 0 0.2 639 738 0.0105
 0 0.2 738  847.5 0.0109
 0 0.2  847.5  968.5 0.0114
 0 0.2  968.5   1102 0.0118
 0 0.2   1102 1249.5 0.0122
 0 0.2 1249.5   1412 0.0126
 0 0.2   1412 1590.5  0.013
 0 0.2 1590.5   1787 0.0134
 0 0.2   1787   1945 0.0138
 0 0.2   1945   2119  0.014
 0 0.2   2119   2369 0.0143
 0 0.2   2369 2643.5 0.0146
 0 0.2 2643.5   2945  0.015
 0 0.2   2945 3276.5 0.0153
 0 0.2 3276.5 10000 0.0156
 0.2 0.4   9  11 0.0941
 0.2 0.4  11   13.5 0.0797
 0.2 0.4   13.5   16.5 0.0667
 0.2 0.4   16.5   19.5  0.056
 0.2 0.4   19.5   22.5 0.0485
 0.2 0.4   22.5  26 0.0431
 0.2 0.4  26  30 0.0384
 0.2 0.4  30   34.5 0.0345
 0.2 0.4   34.5  40 0.0313
 0.2 0.4  40  46 0.0285
 0.2 0.4  46   52.5 0.0263
 0.2 0.4   52.5  60 0.0245
 0.2 0.4  60  69 0.0227
 0.2 0.4  69  79  0.021
 0.2 0.4  79   90.5 0.0196
 0.2 0.4   90.5  105.5 0.0183
 0.2 0.4  105.5  123.5  0.017
 0.2 0.4  123.5 143 0.0157
 0.2 0.4 143  163.5 0.0147
 0.2 0.4  163.5 185 0.0138
 0.2 0.4 185 208  0.013
 0.2 0.4 208  232.5 0.0124
 0.2 0.4  232.5  258.5 0.0118
 0.2 0.4  258.5 286 0.0113
 0.2 0.4 286 331 0.0109
 0.2 0.4 331 396 0.0104
 0.2 0.4 396  468.5   0.01
 0.2 0.4  468.5  549.5 0.0097
 0.2 0.4  549.5 639 0.0101
 0.2 0.4 639 738 0.0106
 0.2 0.4 738  847.5 0.0112
 0.2 0.4  847.5  968.5 0.0117
 0.2 0.4  968.5   1102 0.0122
 0.2 0.4   1102 1249.5 0.0128
 0.2 0.4 1249.5   1412 0.0133
 0.2 0.4   1412 1590.5 0.0139
 0.2 0.4 1590.5   1787 0.0143
 0.2 0.4   1787   1945 0.0146
 0.2 0.4   1945   2119 0.0149
 0.2 0.4   2119   2369 0.0151
 0.2 0.4   2369 2643.5 0.0154
 0.2 0.4 2643.5   2945 0.0158
 0.2 0.4   2945 3276.5 0.0161
 0.2 0.4 3276.5 10000 0.0164
 0.4 0.6   9  11 0.0923
 0.4 0.6  11   13.5 0.0783
 0.4 0.6   13.5   16.5 0.0657
 0.4 0.6   16.5   19.5 0.0552
 0.4 0.6   19.5   22.5 0.0479
 0.4 0.6   22.5  26 0.0425
 0.4 0.6  26  30 0.0379
 0.4 0.6  30   34.5  0.034
 0.4 0.6   34.5  40 0.0308
 0.4 0.6  40  46 0.0279
 0.4 0.6  46   52.5 0.0256
 0.4 0.6   52.5  60 0.0238
 0.4 0.6  60  69  0.022
 0.4 0.6  69  79 0.0204
 0.4 0.6  79   90.5  0.019
 0.4 0.6   90.5  105.5 0.0178
 0.4 0.6  105.5  123.5 0.0165
 0.4 0.6  123.5 143 0.0153
 0.4 0.6 143  163.5 0.0143
 0.4 0.6  163.5 185 0.0135
 0.4 0.6 185 208 0.0128
 0.4 0.6 208  232.5 0.0122
 0.4 0.6  232.5  258.5 0.0116
 0.4 0.6  258.5 286 0.0112
 0.4 0.6 286 331 0.0108
 0.4 0.6 331 396 0.0104
 0.4 0.6 396  468.5 0.0099
 0.4 0.6  468.5  549.5 0.0097
 0.4 0.6  549.5 639 0.0101
 0.4 0.6 639 738 0.0105
 0.4 0.6 738  847.5  0.011
 0.4 0.6  847.5  968.5 0.0115
 0.4 0.6  968.5   1102  0.012
 0.4 0.6   1102 1249.5 0.0125
 0.4 0.6 1249.5   1412 0.0129
 0.4 0.6   1412 1590.5 0.0134
 0.4 0.6 1590.5   1787 0.0138
 0.4 0.6   1787   1945 0.0142
 0.4 0.6   1945   2119 0.0144
 0.4 0.6   2119   2369 0.0147
 0.4 0.6   2369 2643.5  0.015
 0.4 0.6 2643.5   2945 0.0153
 0.4 0.6   2945 3276.5 0.0157
 0.4 0.6 3276.5 10000  0.016
 0.6 0.8   9  11 0.0952
 0.6 0.8  11   13.5  0.081
 0.6 0.8   13.5   16.5 0.0681
 0.6 0.8   16.5   19.5 0.0573
 0.6 0.8   19.5   22.5 0.0498
 0.6 0.8   22.5  26 0.0443
 0.6 0.8  26  30 0.0395
 0.6 0.8  30   34.5 0.0355
 0.6 0.8   34.5  40 0.0322
 0.6 0.8  40  46 0.0293
 0.6 0.8  46   52.5  0.027
 0.6 0.8   52.5  60 0.0251
 0.6 0.8  60  69 0.0232
 0.6 0.8  69  79 0.0215
 0.6 0.8  79   90.5   0.02
 0.6 0.8   90.5  105.5 0.0186
 0.6 0.8  105.5  123.5 0.0172
 0.6 0.8  123.5 143 0.0159
 0.6 0.8 143  163.5 0.0148
 0.6 0.8  163.5 185 0.0138
 0.6 0.8 185 208  0.013
 0.6 0.8 208  232.5 0.0124
 0.6 0.8  232.5  258.5 0.0118
 0.6 0.8  258.5 286 0.0113
 0.6 0.8 286 331 0.0109
 0.6 0.8 331 396 0.0104
 0.6 0.8 396  468.5 0.0099
 0.6 0.8  468.5  549.5 0.0097
 0.6 0.8  549.5 639 0.0101
 0.6 0.8 639 738 0.0107
 0.6 0.8 738  847.5 0.0112
 0.6 0.8  847.5  968.5 0.0118
 0.6 0.8  968.5   1102 0.0124
 0.6 0.8   1102 1249.5  0.013
 0.6 0.8 1249.5   1412 0.0136
 0.6 0.8   1412 1590.5 0.0142
 0.6 0.8 1590.5   1787 0.0146
 0.6 0.8   1787   1945 0.0149
 0.6 0.8   1945   2119 0.0152
 0.6 0.8   2119   2369 0.0154
 0.6 0.8   2369 2643.5 0.0157
 0.6 0.8 2643.5   2945  0.016
 0.6 0.8   2945 3276.5 0.0164
 0.6 0.8 3276.5 10000 0.0167
 0.8   1   9  11 0.0985
 0.8   1  11   13.5  0.083
 0.8   1   13.5   16.5 0.0691
 0.8   1   16.5   19.5 0.0576
 0.8   1   19.5   22.5 0.0495
 0.8   1   22.5  26 0.0436
 0.8   1  26  30 0.0386
 0.8   1  30   34.5 0.0345
 0.8   1   34.5  40 0.0311
 0.8   1  40  46 0.0282
 0.8   1  46   52.5 0.0259
 0.8   1   52.5  60 0.0241
 0.8   1  60  69 0.0223
 0.8   1  69  79 0.0207
 0.8   1  79   90.5 0.0193
 0.8   1   90.5  105.5 0.0181
 0.8   1  105.5  123.5 0.0168
 0.8   1  123.5 143 0.0156
 0.8   1 143  163.5 0.0146
 0.8   1  163.5 185 0.0137
 0.8   1 185 208  0.013
 0.8   1 208  232.5 0.0124
 0.8   1  232.5  258.5 0.0118
 0.8   1  258.5 286 0.0114
 0.8   1 286 331  0.011
 0.8   1 331 396 0.0105
 0.8   1 396  468.5 0.0101
 0.8   1  468.5  549.5 0.0098
 0.8   1  549.5 639 0.0102
 0.8   1 639 738 0.0107
 0.8   1 738  847.5 0.0112
 0.8   1  847.5  968.5 0.0118
 0.8   1  968.5   1102 0.0123
 0.8   1   1102 1249.5 0.0128
 0.8   1 1249.5   1412 0.0134
 0.8   1   1412 1590.5 0.0139
 0.8   1 1590.5   1787 0.0143
 0.8   1   1787   1945 0.0146
 0.8   1   1945   2119 0.0149
 0.8   1   2119   2369 0.0151
 0.8   1   2369 2643.5 0.0155
 0.8   1 2643.5   2945 0.0158
 0.8   1   2945 3276.5 0.0161
 0.8   1 3276.5 10000 0.0164
 1 1.2   9  11 0.1051
 1 1.2  11   13.5  0.087
 1 1.2   13.5   16.5  0.071
 1 1.2   16.5   19.5 0.0578
 1 1.2   19.5   22.5 0.0488
 1 1.2   22.5  26 0.0424
 1 1.2  26  30  0.037
 1 1.2  30   34.5 0.0327
 1 1.2   34.5  40 0.0293
 1 1.2  40  46 0.0264
 1 1.2  46   52.5 0.0243
 1 1.2   52.5  60 0.0226
 1 1.2  60  69 0.0212
 1 1.2  69  79 0.0199
 1 1.2  79   90.5 0.0187
 1 1.2   90.5  105.5 0.0177
 1 1.2  105.5  123.5 0.0167
 1 1.2  123.5 143 0.0157
 1 1.2 143  163.5 0.0148
 1 1.2  163.5 185  0.014
 1 1.2 185 208 0.0134
 1 1.2 208  232.5 0.0128
 1 1.2  232.5  258.5 0.0123
 1 1.2  258.5 286 0.0119
 1 1.2 286 331 0.0115
 1 1.2 331 396  0.011
 1 1.2 396  468.5 0.0105
 1 1.2  468.5  549.5 0.0102
 1 1.2  549.5 639 0.0105
 1 1.2 639 738 0.0109
 1 1.2 738  847.5 0.0112
 1 1.2  847.5  968.5 0.0116
 1 1.2  968.5   1102  0.012
 1 1.2   1102 1249.5 0.0125
 1 1.2 1249.5   1412 0.0129
 1 1.2   1412 1590.5 0.0133
 1 1.2 1590.5   1787 0.0136
 1 1.2   1787   1945  0.014
 1 1.2   1945   2119 0.0142
 1 1.2   2119   2369 0.0145
 1 1.2   2369 2643.5 0.0148
 1 1.2 2643.5   2945 0.0152
 1 1.2   2945 3276.5 0.0155
 1 1.2 3276.5 10000 0.0158
 1.2 1.4   9  11 0.1058
 1.2 1.4  11   13.5 0.0871
 1.2 1.4   13.5   16.5 0.0706
 1.2 1.4   16.5   19.5 0.0572
 1.2 1.4   19.5   22.5  0.048
 1.2 1.4   22.5  26 0.0415
 1.2 1.4  26  30 0.0361
 1.2 1.4  30   34.5 0.0318
 1.2 1.4   34.5  40 0.0285
 1.2 1.4  40  46 0.0257
 1.2 1.4  46   52.5 0.0237
 1.2 1.4   52.5  60 0.0221
 1.2 1.4  60  69 0.0208
 1.2 1.4  69  79 0.0196
 1.2 1.4  79   90.5 0.0186
 1.2 1.4   90.5  105.5 0.0177
 1.2 1.4  105.5  123.5 0.0167
 1.2 1.4  123.5 143 0.0158
 1.2 1.4 143  163.5 0.0149
 1.2 1.4  163.5 185 0.0142
 1.2 1.4 185 208 0.0136
 1.2 1.4 208  232.5  0.013
 1.2 1.4  232.5  258.5 0.0125
 1.2 1.4  258.5 286 0.0121
 1.2 1.4 286 331 0.0117
 1.2 1.4 331 396 0.0112
 1.2 1.4 396  468.5 0.0107
 1.2 1.4  468.5  549.5 0.0103
 1.2 1.4  549.5 639 0.0106
 1.2 1.4 639 738 0.0109
 1.2 1.4 738  847.5 0.0112
 1.2 1.4  847.5  968.5 0.0116
 1.2 1.4  968.5   1102 0.0119
 1.2 1.4   1102 1249.5 0.0123
 1.2 1.4 1249.5   1412 0.0126
 1.2 1.4   1412 1590.5  0.013
 1.2 1.4 1590.5   1787 0.0133
 1.2 1.4   1787   1945 0.0137
 1.2 1.4   1945   2119 0.0139
 1.2 1.4   2119   2369 0.0142
 1.2 1.4   2369 2643.5 0.0145
 1.2 1.4 2643.5   2945 0.0149
 1.2 1.4   2945 3276.5 0.0152
 1.2 1.4 3276.5 10000 0.0155
 1.4 1.6   9  11 0.1087
 1.4 1.6  11   13.5 0.0927
 1.4 1.6   13.5   16.5 0.0782
 1.4 1.6   16.5   19.5 0.0658
 1.4 1.6   19.5   22.5 0.0568
 1.4 1.6   22.5  26   0.05
 1.4 1.6  26  30 0.0441
 1.4 1.6  30   34.5  0.039
 1.4 1.6   34.5  40 0.0347
 1.4 1.6  40  46 0.0308
 1.4 1.6  46   52.5 0.0277
 1.4 1.6   52.5  60 0.0253
 1.4 1.6  60  69 0.0231
 1.4 1.6  69  79 0.0211
 1.4 1.6  79   90.5 0.0195
 1.4 1.6   90.5  105.5 0.0181
 1.4 1.6  105.5  123.5 0.0167
 1.4 1.6  123.5 143 0.0154
 1.4 1.6 143  163.5 0.0144
 1.4 1.6  163.5 185 0.0136
 1.4 1.6 185 208  0.013
 1.4 1.6 208  232.5 0.0124
 1.4 1.6  232.5  258.5  0.012
 1.4 1.6  258.5 286 0.0116
 1.4 1.6 286 331 0.0112
 1.4 1.6 331 396 0.0109
 1.4 1.6 396  468.5 0.0105
 1.4 1.6  468.5  549.5 0.0103
 1.4 1.6  549.5 639 0.0107
 1.4 1.6 639 738 0.0111
 1.4 1.6 738  847.5 0.0116
 1.4 1.6  847.5  968.5  0.012
 1.4 1.6  968.5   1102 0.0124
 1.4 1.6   1102 1249.5 0.0128
 1.4 1.6 1249.5   1412 0.0132
 1.4 1.6   1412 1590.5 0.0136
 1.4 1.6 1590.5   1787 0.0139
 1.4 1.6   1787   1945 0.0143
 1.4 1.6   1945   2119 0.0145
 1.4 1.6   2119   2369 0.0148
 1.4 1.6   2369 2643.5 0.0151
 1.4 1.6 2643.5   2945 0.0155
 1.4 1.6   2945 3276.5 0.0158
 1.4 1.6 3276.5 10000 0.0161
 1.6 1.8   9  11 0.1211
 1.6 1.8  11   13.5 0.1035
 1.6 1.8   13.5   16.5 0.0874
 1.6 1.8   16.5   19.5 0.0736
 1.6 1.8   19.5   22.5 0.0636
 1.6 1.8   22.5  26  0.056
 1.6 1.8  26  30 0.0493
 1.6 1.8  30   34.5 0.0435
 1.6 1.8   34.5  40 0.0386
 1.6 1.8  40  46 0.0342
 1.6 1.8  46   52.5 0.0306
 1.6 1.8   52.5  60 0.0277
 1.6 1.8  60  69 0.0252
 1.6 1.8  69  79 0.0228
 1.6 1.8  79   90.5 0.0209
 1.6 1.8   90.5  105.5 0.0192
 1.6 1.8  105.5  123.5 0.0176
 1.6 1.8  123.5 143 0.0161
 1.6 1.8 143  163.5 0.0149
 1.6 1.8  163.5 185  0.014
 1.6 1.8 185 208 0.0133
 1.6 1.8 208  232.5 0.0126
 1.6 1.8  232.5  258.5 0.0121
 1.6 1.8  258.5 286 0.0117
 1.6 1.8 286 331 0.0113
 1.6 1.8 331 396 0.0109
 1.6 1.8 396  468.5 0.0106
 1.6 1.8  468.5  549.5 0.0104
 1.6 1.8  549.5 639 0.0109
 1.6 1.8 639 738 0.0114
 1.6 1.8 738  847.5 0.0119
 1.6 1.8  847.5  968.5 0.0124
 1.6 1.8  968.5   1102  0.013
 1.6 1.8   1102 1249.5 0.0135
 1.6 1.8 1249.5   1412 0.0138
 1.6 1.8   1412 1590.5 0.0142
 1.6 1.8 1590.5   1787 0.0145
 1.6 1.8   1787   1945 0.0149
 1.6 1.8   1945   2119 0.0151
 1.6 1.8   2119   2369 0.0154
 1.6 1.8   2369 2643.5 0.0157
 1.6 1.8 2643.5   2945  0.016
 1.6 1.8   2945 3276.5 0.0163
 1.6 1.8 3276.5 10000 0.0166
 1.8   2   9  11 0.1576
 1.8   2  11   13.5 0.1313
 1.8   2   13.5   16.5 0.1074
 1.8   2   16.5   19.5 0.0874
 1.8   2   19.5   22.5 0.0733
 1.8   2   22.5  26 0.0629
 1.8   2  26  30 0.0538
 1.8   2  30   34.5 0.0462
 1.8   2   34.5  40 0.0399
 1.8   2  40  46 0.0344
 1.8   2  46   52.5 0.0302
 1.8   2   52.5  60 0.0269
 1.8   2  60  69 0.0241
 1.8   2  69  79 0.0218
 1.8   2  79   90.5 0.0199
 1.8   2   90.5  105.5 0.0183
 1.8   2  105.5  123.5 0.0168
 1.8   2  123.5 143 0.0155
 1.8   2 143  163.5 0.0145
 1.8   2  163.5 185 0.0137
 1.8   2 185 208  0.013
 1.8   2 208  232.5 0.0125
 1.8   2  232.5  258.5  0.012
 1.8   2  258.5 286 0.0116
 1.8   2 286 331 0.0113
 1.8   2 331 396  0.011
 1.8   2 396  468.5 0.0106
 1.8   2  468.5  549.5 0.0105
 1.8   2  549.5 639 0.0109
 1.8   2 639 738 0.0113
 1.8   2 738  847.5 0.0118
 1.8   2  847.5  968.5 0.0122
 1.8   2  968.5   1102 0.0126
 1.8   2   1102 1249.5  0.013
 1.8   2 1249.5   1412 0.0133
 1.8   2   1412 1590.5 0.0137
 1.8   2 1590.5   1787  0.014
 1.8   2   1787   1945 0.0144
 1.8   2   1945   2119 0.0146
 1.8   2   2119   2369 0.0149
 1.8   2   2369 2643.5 0.0152
 1.8   2 2643.5   2945 0.0155
 1.8   2   2945 3276.5 0.0159
 1.8   2 3276.5 10000 0.0162
 2 2.2   9  11 0.2103
 2 2.2  11   13.5 0.1714
 2 2.2   13.5   16.5 0.1359
 2 2.2   16.5   19.5 0.1068
 2 2.2   19.5   22.5 0.0866
 2 2.2   22.5  26  0.072
 2 2.2  26  30 0.0597
 2 2.2  30   34.5 0.0496
 2 2.2   34.5  40 0.0417
 2 2.2  40  46 0.0352
 2 2.2  46   52.5 0.0305
 2 2.2   52.5  60  0.027
 2 2.2  60  69 0.0242
 2 2.2  69  79  0.022
 2 2.2  79   90.5 0.0202
 2 2.2   90.5  105.5 0.0189
 2 2.2  105.5  123.5 0.0176
 2 2.2  123.5 143 0.0165
 2 2.2 143  163.5 0.0156
 2 2.2  163.5 185 0.0149
 2 2.2 185 208 0.0143
 2 2.2 208  232.5 0.0138
 2 2.2  232.5  258.5 0.0133
 2 2.2  258.5 286  0.013
 2 2.2 286 331 0.0127
 2 2.2 331 396 0.0123
 2 2.2 396  468.5 0.0121
 2 2.2  468.5  549.5  0.012
 2 2.2  549.5 639 0.0124
 2 2.2 639 738  0.013
 2 2.2 738  847.5 0.0136
 2 2.2  847.5  968.5  0.014
 2 2.2  968.5   1102 0.0143
 2 2.2   1102 1249.5 0.0146
 2 2.2 1249.5   1412 0.0149
 2 2.2   1412 1590.5 0.0152
 2 2.2 1590.5   1787 0.0155
 2 2.2   1787   1945 0.0158
 2 2.2   1945   2119  0.016
 2 2.2   2119   2369 0.0162
 2 2.2   2369 2643.5 0.0165
 2 2.2 2643.5   2945 0.0168
 2 2.2   2945 3276.5 0.0171
 2 2.2 3276.5 10000 0.0174
 2.2 2.4   9  11 0.2192
 2.2 2.4  11   13.5 0.1791
 2.2 2.4   13.5   16.5 0.1415
 2.2 2.4   16.5   19.5 0.1104
 2.2 2.4   19.5   22.5 0.0889
 2.2 2.4   22.5  26 0.0734
 2.2 2.4  26  30 0.0604
 2.2 2.4  30   34.5 0.0499
 2.2 2.4   34.5  40 0.0418
 2.2 2.4  40  46 0.0352
 2.2 2.4  46   52.5 0.0305
 2.2 2.4   52.5  60 0.0271
 2.2 2.4  60  69 0.0244
 2.2 2.4  69  79 0.0222
 2.2 2.4  79   90.5 0.0205
 2.2 2.4   90.5  105.5 0.0192
 2.2 2.4  105.5  123.5  0.018
 2.2 2.4  123.5 143  0.017
 2.2 2.4 143  163.5 0.0162
 2.2 2.4  163.5 185 0.0155
 2.2 2.4 185 208 0.0149
 2.2 2.4 208  232.5 0.0144
 2.2 2.4  232.5  258.5 0.0139
 2.2 2.4  258.5 286 0.0136
 2.2 2.4 286 331 0.0133
 2.2 2.4 331 396 0.0129
 2.2 2.4 396  468.5 0.0126
 2.2 2.4  468.5  549.5 0.0126
 2.2 2.4  549.5 639  0.013
 2.2 2.4 639 738 0.0134
 2.2 2.4 738  847.5 0.0136
 2.2 2.4  847.5  968.5 0.0139
 2.2 2.4  968.5   1102 0.0141
 2.2 2.4   1102 1249.5 0.0144
 2.2 2.4 1249.5   1412 0.0147
 2.2 2.4   1412 1590.5  0.015
 2.2 2.4 1590.5   1787 0.0153
 2.2 2.4   1787   1945 0.0156
 2.2 2.4   1945   2119 0.0158
 2.2 2.4   2119   2369  0.016
 2.2 2.4   2369 2643.5 0.0163
 2.2 2.4 2643.5   2945 0.0166
 2.2 2.4   2945 3276.5 0.0169
 2.2 2.4 3276.5 10000 0.0172
 2.4 2.6   9  11 0.1645
 2.4 2.6  11   13.5 0.1378
 2.4 2.6   13.5   16.5 0.1116
 2.4 2.6   16.5   19.5 0.0891
 2.4 2.6   19.5   22.5 0.0736
 2.4 2.6   22.5  26 0.0624
 2.4 2.6  26  30 0.0533
 2.4 2.6  30   34.5 0.0461
 2.4 2.6   34.5  40 0.0406
 2.4 2.6  40  46 0.0363
 2.4 2.6  46   52.5 0.0334
 2.4 2.6   52.5  60 0.0311
 2.4 2.6  60  69 0.0287
 2.4 2.6  69  79 0.0267
 2.4 2.6  79   90.5  0.025
 2.4 2.6   90.5  105.5 0.0235
 2.4 2.6  105.5  123.5  0.022
 2.4 2.6  123.5 143 0.0206
 2.4 2.6 143  163.5 0.0195
 2.4 2.6  163.5 185 0.0186
 2.4 2.6 185 208 0.0179
 2.4 2.6 208  232.5 0.0174
 2.4 2.6  232.5  258.5  0.017
 2.4 2.6  258.5 286 0.0168
 2.4 2.6 286 331 0.0167
 2.4 2.6 331 396 0.0168
 2.4 2.6 396  468.5 0.0173
 2.4 2.6  468.5  549.5 0.0177
 2.4 2.6  549.5 639 0.0183
 2.4 2.6 639 738 0.0186
 2.4 2.6 738  847.5 0.0187
 2.4 2.6  847.5  968.5 0.0189
 2.4 2.6  968.5   1102 0.0191
 2.4 2.6   1102 1249.5 0.0193
 2.4 2.6 1249.5   1412 0.0195
 2.4 2.6   1412 1590.5 0.0197
 2.4 2.6 1590.5   1787 0.0199
 2.4 2.6   1787   1945 0.0201
 2.4 2.6   1945   2119 0.0203
 2.4 2.6   2119   2369 0.0205
 2.4 2.6   2369 2643.5 0.0207
 2.4 2.6 2643.5   2945 0.0209
 2.4 2.6   2945 3276.5 0.0212
 2.4 2.6 3276.5 10000 0.0214
 2.6 2.8   9  11 0.0613
 2.6 2.8  11   13.5  0.055
 2.6 2.8   13.5   16.5 0.0498
 2.6 2.8   16.5   19.5 0.0455
 2.6 2.8   19.5   22.5 0.0424
 2.6 2.8   22.5  26 0.0401
 2.6 2.8  26  30  0.038
 2.6 2.8  30   34.5 0.0361
 2.6 2.8   34.5  40 0.0344
 2.6 2.8  40  46 0.0328
 2.6 2.8  46   52.5 0.0314
 2.6 2.8   52.5  60   0.03
 2.6 2.8  60  69 0.0282
 2.6 2.8  69  79 0.0264
 2.6 2.8  79   90.5 0.0248
 2.6 2.8   90.5  105.5 0.0232
 2.6 2.8  105.5  123.5 0.0216
 2.6 2.8  123.5 143 0.0201
 2.6 2.8 143  163.5 0.0189
 2.6 2.8  163.5 185  0.018
 2.6 2.8 185 208 0.0173
 2.6 2.8 208  232.5 0.0168
 2.6 2.8  232.5  258.5 0.0165
 2.6 2.8  258.5 286 0.0164
 2.6 2.8 286 331 0.0163
 2.6 2.8 331 396 0.0165
 2.6 2.8 396  468.5 0.0171
 2.6 2.8  468.5  549.5 0.0174
 2.6 2.8  549.5 639 0.0176
 2.6 2.8 639 738 0.0178
 2.6 2.8 738  847.5  0.018
 2.6 2.8  847.5  968.5 0.0182
 2.6 2.8  968.5   1102 0.0185
 2.6 2.8   1102 1249.5 0.0187
 2.6 2.8 1249.5   1412  0.019
 2.6 2.8   1412 1590.5 0.0192
 2.6 2.8 1590.5   1787 0.0194
 2.6 2.8   1787   1945 0.0197
 2.6 2.8   1945   2119 0.0199
 2.6 2.8   2119   2369 0.0201
 2.6 2.8   2369 2643.5 0.0203
 2.6 2.8 2643.5   2945 0.0206
 2.6 2.8   2945 3276.5 0.0208
 2.6 2.8 3276.5 10000  0.021
 2.8   3   9  11 0.0603
 2.8   3  11   13.5 0.0553
 2.8   3   13.5   16.5  0.051
 2.8   3   16.5   19.5 0.0471
 2.8   3   19.5   22.5  0.044
 2.8   3   22.5  26 0.0417
 2.8   3  26  30 0.0394
 2.8   3  30   34.5 0.0375
 2.8   3   34.5  40 0.0358
 2.8   3  40  46 0.0342
 2.8   3  46   52.5 0.0328
 2.8   3   52.5  60 0.0316
 2.8   3  60  69 0.0304
 2.8   3  69  79 0.0293
 2.8   3  79   90.5 0.0283
 2.8   3   90.5  105.5 0.0274
 2.8   3  105.5  123.5 0.0266
 2.8   3  123.5 143 0.0259
 2.8   3 143  163.5 0.0253
 2.8   3  163.5 185 0.0249
 2.8   3 185 208 0.0246
 2.8   3 208  232.5 0.0244
 2.8   3  232.5  258.5 0.0243
 2.8   3  258.5 286 0.0242
 2.8   3 286 331 0.0242
 2.8   3 331 396 0.0241
 2.8   3 396  468.5  0.024
 2.8   3  468.5  549.5 0.0239
 2.8   3  549.5 639  0.024
 2.8   3 639 738 0.0242
 2.8   3 738  847.5 0.0244
 2.8   3  847.5  968.5 0.0246
 2.8   3  968.5   1102 0.0248
 2.8   3   1102 1249.5 0.0249
 2.8   3 1249.5   1412 0.0251
 2.8   3   1412 1590.5 0.0253
 2.8   3 1590.5   1787 0.0255
 2.8   3   1787   1945 0.0257
 2.8   3   1945   2119 0.0259
 2.8   3   2119   2369  0.026
 2.8   3   2369 2643.5 0.0262
 2.8   3 2643.5   2945 0.0264
 2.8   3   2945 3276.5 0.0266
 2.8   3 3276.5 10000 0.0268
 3 3.5   9  11 0.0763
 3 3.5  11   13.5 0.0662
 3 3.5   13.5   16.5 0.0578
 3 3.5   16.5   19.5 0.0515
 3 3.5   19.5   22.5 0.0478
 3 3.5   22.5  26 0.0455
 3 3.5  26  30 0.0437
 3 3.5  30   34.5 0.0424
 3 3.5   34.5  40 0.0413
 3 3.5  40  46 0.0403
 3 3.5  46   52.5 0.0394
 3 3.5   52.5  60 0.0385
 3 3.5  60  69 0.0375
 3 3.5  69  79 0.0364
 3 3.5  79   90.5 0.0353
 3 3.5   90.5  105.5 0.0343
 3 3.5  105.5  123.5 0.0331
 3 3.5  123.5 143  0.032
 3 3.5 143  163.5 0.0311
 3 3.5  163.5 185 0.0303
 3 3.5 185 208 0.0296
 3 3.5 208  232.5 0.0291
 3 3.5  232.5  258.5 0.0287
 3 3.5  258.5 286 0.0282
 3 3.5 286 331 0.0279
 3 3.5 331 396 0.0274
 3 3.5 396  468.5 0.0269
 3 3.5  468.5  549.5 0.0266
 3 3.5  549.5 639 0.0265
 3 3.5 639 738 0.0265
 3 3.5 738  847.5 0.0266
 3 3.5  847.5  968.5 0.0267
 3 3.5  968.5   1102 0.0268
 3 3.5   1102 1249.5 0.0269
 3 3.5 1249.5   1412  0.027
 3 3.5   1412 1590.5 0.0271
 3 3.5 1590.5   1787 0.0273
 3 3.5   1787   1945 0.0274
 3 3.5   1945   2119 0.0275
 3 3.5   2119   2369 0.0277
 3 3.5   2369 2643.5 0.0278
 3 3.5 2643.5   2945  0.028
 3 3.5   2945 3276.5 0.0282
 3 3.5 3276.5 10000 0.0283
 3.5   4   9  11 0.0827
 3.5   4  11   13.5 0.0745
 3.5   4   13.5   16.5 0.0673
 3.5   4   16.5   19.5 0.0614
 3.5   4   19.5   22.5 0.0575
 3.5   4   22.5  26 0.0547
 3.5   4  26  30 0.0524
 3.5   4  30   34.5 0.0506
 3.5   4   34.5  40 0.0491
 3.5   4  40  46 0.0479
 3.5   4  46   52.5 0.0469
 3.5   4   52.5  60 0.0454
 3.5   4  60  69 0.0427
 3.5   4  69  79 0.0406
 3.5   4  79   90.5 0.0391
 3.5   4   90.5  105.5 0.0385
 3.5   4  105.5  123.5 0.0387
 3.5   4  123.5 143 0.0402
 3.5   4 143  163.5 0.0402
 3.5   4  163.5 185 0.0399
 3.5   4 185 208 0.0397
 3.5   4 208  232.5 0.0395
 3.5   4  232.5  258.5 0.0393
 3.5   4  258.5 286 0.0392
 3.5   4 286 331 0.0391
 3.5   4 331 396 0.0389
 3.5   4 396  468.5 0.0388
 3.5   4  468.5  549.5 0.0387
 3.5   4  549.5 639 0.0388
 3.5   4 639 738 0.0389
 3.5   4 738  847.5  0.039
 3.5   4  847.5  968.5 0.0391
 3.5   4  968.5   1102 0.0392
 3.5   4   1102 1249.5 0.0393
 3.5   4 1249.5   1412 0.0394
 3.5   4   1412 1590.5 0.0395
 3.5   4 1590.5   1787 0.0397
 3.5   4   1787   1945 0.0398
 3.5   4   1945   2119 0.0399
 3.5   4   2119   2369   0.04
 3.5   4   2369 2643.5 0.0401
 3.5   4 2643.5   2945 0.0402
 3.5   4   2945 3276.5 0.0403
 3.5   4 3276.5 10000 0.0405
 4 4.4   9  11 0.0877
 4 4.4  11   13.5 0.0791
 4 4.4   13.5   16.5 0.0711
 4 4.4   16.5   19.5 0.0644
 4 4.4   19.5   22.5 0.0597
 4 4.4   22.5  26 0.0564
 4 4.4  26  30 0.0536
 4 4.4  30   34.5 0.0513
 4 4.4   34.5  40 0.0495
 4 4.4  40  46  0.048
 4 4.4  46   52.5 0.0468
 4 4.4   52.5  60 0.0452
 4 4.4  60  69 0.0425
 4 4.4  69  79 0.0402
 4 4.4  79   90.5 0.0387
 4 4.4   90.5  105.5 0.0381
 4 4.4  105.5  123.5 0.0384
 4 4.4  123.5 143 0.0394
 4 4.4 143  163.5 0.0391
 4 4.4  163.5 185 0.0388
 4 4.4 185 208 0.0386
 4 4.4 208  232.5 0.0384
 4 4.4  232.5  258.5 0.0383
 4 4.4  258.5 286 0.0382
 4 4.4 286 331 0.0381
 4 4.4 331 396  0.038
 4 4.4 396  468.5 0.0379
 4 4.4  468.5  549.5 0.0378
 4 4.4  549.5 639 0.0379
 4 4.4 639 738  0.038
 4 4.4 738  847.5 0.0381
 4 4.4  847.5  968.5 0.0382
 4 4.4  968.5   1102 0.0384
 4 4.4   1102 1249.5 0.0385
 4 4.4 1249.5   1412 0.0386
 4 4.4   1412 1590.5 0.0387
 4 4.4 1590.5   1787 0.0389
 4 4.4   1787   1945  0.039
 4 4.4   1945   2119 0.0391
 4 4.4   2119   2369 0.0392
 4 4.4   2369 2643.5 0.0393
 4 4.4 2643.5   2945 0.0394
 4 4.4   2945 3276.5 0.0396
 4 4.4 3276.5 10000 0.0397
 4.4   5   9  11 0.0634
 4.4   5  11   13.5 0.0599
 4.4   5   13.5   16.5 0.0574
 4.4   5   16.5   19.5 0.0555
 4.4   5   19.5   22.5 0.0541
 4.4   5   22.5  26  0.053
 4.4   5  26  30 0.0519
 4.4   5  30   34.5 0.0509
 4.4   5   34.5  40   0.05
 4.4   5  40  46  0.049
 4.4   5  46   52.5 0.0481
 4.4   5   52.5  60 0.0467
 4.4   5  60  69  0.044
 4.4   5  69  79 0.0418
 4.4   5  79   90.5 0.0407
 4.4   5   90.5  105.5 0.0401
 4.4   5  105.5  123.5 0.0394
 4.4   5  123.5 143 0.0388
 4.4   5 143  163.5 0.0383
 4.4   5  163.5 185 0.0379
 4.4   5 185 208 0.0376
 4.4   5 208  232.5 0.0373
 4.4   5  232.5  258.5 0.0371
 4.4   5  258.5 286 0.0369
 4.4   5 286 331 0.0367
 4.4   5 331 396 0.0365
 4.4   5 396  468.5 0.0364
 4.4   5  468.5  549.5 0.0362
 4.4   5  549.5 639 0.0363
 4.4   5 639 738 0.0364
 4.4   5 738  847.5 0.0365
 4.4   5  847.5  968.5 0.0366
 4.4   5  968.5   1102 0.0367
 4.4   5   1102 1249.5 0.0368
 4.4   5 1249.5   1412 0.0369
 4.4   5   1412 1590.5  0.037
 4.4   5 1590.5   1787 0.0372
 4.4   5   1787   1945 0.0373
 4.4   5   1945   2119 0.0374
 4.4   5   2119   2369 0.0375
 4.4   5   2369 2643.5 0.0376
 4.4   5 2643.5   2945 0.0378
 4.4   5   2945 3276.5 0.0379
 4.4   5 3276.5 10000  0.038
 5 5.4   9  11 0.0639
 5 5.4  11   13.5 0.0603
 5 5.4   13.5   16.5 0.0577
 5 5.4   16.5   19.5 0.0557
 5 5.4   19.5   22.5 0.0543
 5 5.4   22.5  26 0.0531
 5 5.4  26  30  0.052
 5 5.4  30   34.5  0.051
 5 5.4   34.5  40   0.05
 5 5.4  40  46  0.049
 5 5.4  46   52.5 0.0482
 5 5.4   52.5  60 0.0474
 5 5.4  60  69 0.0466
 5 5.4  69  79 0.0459
 5 5.4  79   90.5 0.0453
 5 5.4   90.5  105.5 0.0447
 5 5.4  105.5  123.5 0.0441
 5 5.4  123.5 143 0.0436
 5 5.4 143  163.5 0.0431
 5 5.4  163.5 185 0.0428
 5 5.4 185 208 0.0425
 5 5.4 208  232.5 0.0422
 5 5.4  232.5  258.5  0.042
 5 5.4  258.5 286 0.0419
 5 5.4 286 331 0.0417
 5 5.4 331 396 0.0416
 5 5.4 396  468.5 0.0414
 5 5.4  468.5  549.5 0.0413
 5 5.4  549.5 639 0.0413
 5 5.4 639 738 0.0414
 5 5.4 738  847.5 0.0415
 5 5.4  847.5  968.5 0.0416
 5 5.4  968.5   1102 0.0417
 5 5.4   1102 1249.5 0.0418
 5 5.4 1249.5   1412 0.0419
 5 5.4   1412 1590.5  0.042
 5 5.4 1590.5   1787 0.0421
 5 5.4   1787   1945 0.0422
 5 5.4   1945   2119 0.0423
 5 5.4   2119   2369 0.0424
 5 5.4   2369 2643.5 0.0425
 5 5.4 2643.5   2945 0.0426
 5 5.4   2945 3276.5 0.0427
 5 5.4 3276.5 10000 0.0429
